#include<iostream>

using namespace std;

int main() {
	int pole[200][200], i, j;
	for (i = 0; i < 200; i++)
		for (j = 0; j < 200; j++)
			pole[i][j] = 0;
	for (i = 30; i >= 0; i--)
		for (j = 30 - i; j >= 0; j--) {
			if (i + j + 1 >= 30 || i * 2 + j >= 30 || i + 2 * j >= 30)
				pole[i][j] = 1;
			else if (pole[i + 1][j] > 0 && pole[i][j + 1] > 0 && pole[i * 2][j] > 0 && pole[i][j * 2] > 0)
				pole[i][j] = -max(max(pole[i + 1][j], pole[i][j + 1]), max(pole[i * 2][j], pole[i][j * 2]));
			else {
				pole[i][j] = -200;
				if (pole[i + 1][j]<0 && pole[i + 1][j]>pole[i][j]) pole[i][j] = pole[i + 1][j];
				if (pole[i][j + 1]<0 && pole[i][j + 1]>pole[i][j]) pole[i][j] = pole[i][j + 1];
				if (pole[i * 2][j]<0 && pole[i * 2][j]>pole[i][j]) pole[i][j] = pole[i * 2][j];
				if (pole[i][j * 2]<0 && pole[i][j * 2]>pole[i][j]) pole[i][j] = pole[i][j * 2];
				pole[i][j] = -pole[i][j] + 1;
			}
		}
	printf("    ");
	for (i = 1; i <= 35; i++)
		printf("%3d", i);
	for (i = 35; i >= 1; i--) {
		printf("\ni:%2d", i);
		for (j = 1; j <= 35; j++)
			printf("%3d", pole[i][j]);
	}
	printf("\n    ");
	for (i = 1; i <= 35; i++)
		printf("%3d", i);
}


i:20  1  1  1  1  1  1  1  1  1  1  0  0  0  0  0  0  0  0  0  0  0  0  0  0  0  0  0  0  0  0  0  0  0  0  0
i:19  1  1  1  1  1  1  1  1  1  1  1  0  0  0  0  0  0  0  0  0  0  0  0  0  0  0  0  0  0  0  0  0  0  0  0
i:18  1  1  1  1  1  1  1  1  1  1  1  1  0  0  0  0  0  0  0  0  0  0  0  0  0  0  0  0  0  0  0  0  0  0  0
i:17  1  1  1  1  1  1  1  1  1  1  1  1  1  0  0  0  0  0  0  0  0  0  0  0  0  0  0  0  0  0  0  0  0  0  0
i:16  1  1  1  1  1  1  1  1  1  1  1  1  1  1  0  0  0  0  0  0  0  0  0  0  0  0  0  0  0  0  0  0  0  0  0
i:15  1  1  1  1  1  1  1  1  1  1  1  1  1  1  1  0  0  0  0  0  0  0  0  0  0  0  0  0  0  0  0  0  0  0  0
i:14 -1  1  1  1  1  1  1  1  1  1  1  1  1  1  1  1  0  0  0  0  0  0  0  0  0  0  0  0  0  0  0  0  0  0  0
i:13  2  2 -1  1  1  1  1  1  1  1  1  1  1  1  1  1  1  0  0  0  0  0  0  0  0  0  0  0  0  0  0  0  0  0  0
i:12  3 -2  2  2 -1  1  1  1  1  1  1  1  1  1  1  1  1  1  0  0  0  0  0  0  0  0  0  0  0  0  0  0  0  0  0
i:11 -3  3  3 -2  2  2 -1  1  1  1  1  1  1  1  1  1  1  1  1  0  0  0  0  0  0  0  0  0  0  0  0  0  0  0  0
i:10  4 -3  3  3  3 -2  2  2 -1  1  1  1  1  1  1  1  1  1  1  1  0  0  0  0  0  0  0  0  0  0  0  0  0  0  0
i: 9 -4  4 -3  3  2  3  3 -2  2 -1  1  1  1  1  1  1  1  1  1  1  1  0  0  0  0  0  0  0  0  0  0  0  0  0  0
i: 8  5 -5  4  5 -4  4 -3  3 -2  2  1  1  1  1  1  1  1  1  1  1  1  1  0  0  0  0  0  0  0  0  0  0  0  0  0
i: 7  2  6  5  4  5 -4  4 -3  3  2 -1  1  1  1  1  1  1  1  1  1  1  1  1  0  0  0  0  0  0  0  0  0  0  0  0
i: 6 -3  3  5 -4  2  5 -4  4  3 -2  2  1  1  1  1  1  1  1  1  1  1  1  1  1  0  0  0  0  0  0  0  0  0  0  0
i: 5  4  4 -5  4 -3  2  5 -4  2  3  2 -1  1  1  1  1  1  1  1  1  1  1  1  1  1  0  0  0  0  0  0  0  0  0  0
i: 4 -6  6  5 -5  4 -4  4  5  3  3 -2  2  1  1  1  1  1  1  1  1  1  1  1  1  1  1  0  0  0  0  0  0  0  0  0
i: 3  4  6 -5  5 -5  5  5  4 -3  3  3  2 -1  1  1  1  1  1  1  1  1  1  1  1  1  1  1  0  0  0  0  0  0  0  0
i: 2  7 -6  6  6  4  3  6 -5  4 -3  3 -2  2  1  1  1  1  1  1  1  1  1  1  1  1  1  1  1  0  0  0  0  0  0  0
i: 1 -7  7  4 -6  4 -3  2  5 -4  4 -3  3  2 -1  1  1  1  1  1  1  1  1  1  1  1  1  1  1  1  0  0  0  0  0  0
      1  2  3  4  5  6  7  8  9 10 11 12 13 14 15 16 17 18 19 20 21 22 23 24 25 26 27 28 29 30 31 32 33 34 35

Ответ
1) 10
2) 5 11
3) 8
