#include<iostream>

using namespace std;

int main() {
	int pole[200][200], i, j;
	for (i = 0; i < 200; i++)
		for (j = 0; j < 200; j++)
			pole[i][j] = 0;
	for(i =53;i>=0;i--)
		for (j = 53-i; j >= 0; j--) {
			if (i + j + 1 >= 53 || i * 2 + j >= 53 || i + 2 * j >= 53)
				pole[i][j] = 1;
			else if (pole[i + 1][j] >0 && pole[i][j + 1] > 0 && pole[i * 2][j] > 0 && pole[i][j * 2] > 0)
				pole[i][j] = -max(max(pole[i + 1][j], pole[i][j + 1]), max(pole[i * 2][j], pole[i][j * 2]));
			else {
				pole[i][j] = -200;
				if (pole[i + 1][j]<0 && pole[i + 1][j]>pole[i][j]) pole[i][j] = pole[i + 1][j];
				if (pole[i][j + 1]<0 && pole[i][j + 1]>pole[i][j]) pole[i][j] = pole[i][j + 1];
				if (pole[i * 2][j]<0 && pole[i * 2][j]>pole[i][j]) pole[i][j] = pole[i * 2][j];
				if (pole[i][j * 2]<0 && pole[i][j * 2]>pole[i][j]) pole[i][j] = pole[i][j * 2];
				pole[i][j] = -pole[i][j]+1;
			}
		}
	printf("    ");
	for (i = 1; i <= 53; i++)
		printf("%3d", i);
	for (i = 57; i >= 1; i--) {
		printf("\ni:%2d", i);
		for (j = 1; j <= 57; j++)
			printf("%3d", pole[i][j]);
	}
	printf("\n    ");
	for (i = 1; i <= 57; i++)
		printf("%3d", i);
}

i:25  2 -1  1  1  1  1  1  1  1  1  1  1  1  1  1  1  1  1  1  1  1  1  1  1  1  1  1  1  0  0  0  0  0  0  0  0  0  0  0  0  0  0  0  0  0  0  0  0  0  0  0  0  0  0  0  0  0
i:24 -2  2  2 -1  1  1  1  1  1  1  1  1  1  1  1  1  1  1  1  1  1  1  1  1  1  1  1  1  1  0  0  0  0  0  0  0  0  0  0  0  0  0  0  0  0  0  0  0  0  0  0  0  0  0  0  0  0
i:23  3 -2  2  2  2 -1  1  1  1  1  1  1  1  1  1  1  1  1  1  1  1  1  1  1  1  1  1  1  1  1  0  0  0  0  0  0  0  0  0  0  0  0  0  0  0  0  0  0  0  0  0  0  0  0  0  0  0
i:22 -3  3 -2  2 -2  2  2 -1  1  1  1  1  1  1  1  1  1  1  1  1  1  1  1  1  1  1  1  1  1  1  1  0  0  0  0  0  0  0  0  0  0  0  0  0  0  0  0  0  0  0  0  0  0  0  0  0  0
i:21  4  3  3 -2  2  3 -2  2  2 -1  1  1  1  1  1  1  1  1  1  1  1  1  1  1  1  1  1  1  1  1  1  1  0  0  0  0  0  0  0  0  0  0  0  0  0  0  0  0  0  0  0  0  0  0  0  0  0
i:20 -4  4 -3  3 -2  2  3  3 -2  2  2 -1  1  1  1  1  1  1  1  1  1  1  1  1  1  1  1  1  1  1  1  1  1  0  0  0  0  0  0  0  0  0  0  0  0  0  0  0  0  0  0  0  0  0  0  0  0
i:19  5 -4  3  4  3 -2  2 -3  3  3 -2  2  2 -1  1  1  1  1  1  1  1  1  1  1  1  1  1  1  1  1  1  1  1  1  0  0  0  0  0  0  0  0  0  0  0  0  0  0  0  0  0  0  0  0  0  0  0
i:18 -5  5  5 -4  4  3 -2  2  4 -3  3  3 -2  2  2 -1  1  1  1  1  1  1  1  1  1  1  1  1  1  1  1  1  1  1  1  0  0  0  0  0  0  0  0  0  0  0  0  0  0  0  0  0  0  0  0  0  0
i:17  6  6 -5  5 -4  4  3  5 -4  4  4 -3  3  3 -2  2 -1  1  1  1  1  1  1  1  1  1  1  1  1  1  1  1  1  1  1  1  0  0  0  0  0  0  0  0  0  0  0  0  0  0  0  0  0  0  0  0  0
i:16 -6  6  5 -5  5 -4  4  3  2  5 -4  4  4 -3  3 -2  2 -1  1  1  1  1  1  1  1  1  1  1  1  1  1  1  1  1  1  1  1  0  0  0  0  0  0  0  0  0  0  0  0  0  0  0  0  0  0  0  0
i:15  7  7 -6  6  6  5  7 -6  6 -5  5  5 -4  4 -3  3 -2  2  1  1  1  1  1  1  1  1  1  1  1  1  1  1  1  1  1  1  1  1  0  0  0  0  0  0  0  0  0  0  0  0  0  0  0  0  0  0  0
i:14  8 -7  7  7 -6  6  5  4 -6  6  6 -5  5 -4  4 -3  3  2 -1  1  1  1  1  1  1  1  1  1  1  1  1  1  1  1  1  1  1  1  1  0  0  0  0  0  0  0  0  0  0  0  0  0  0  0  0  0  0
i:13 -8  8  7  5  7 -6  5 -4  3  7 -6  6 -5  5 -4  4  3 -2  2  1  1  1  1  1  1  1  1  1  1  1  1  1  1  1  1  1  1  1  1  1  0  0  0  0  0  0  0  0  0  0  0  0  0  0  0  0  0
i:12  3  8 -7  2 -7  7  6  4 -3  2  7 -6  6 -5  5  4 -3  3  2 -1  1  1  1  1  1  1  1  1  1  1  1  1  1  1  1  1  1  1  1  1  1  0  0  0  0  0  0  0  0  0  0  0  0  0  0  0  0
i:11  4  4  3 -3  3  7 -6  2  4  8 -7  7 -6  6  5 -4  4  3 -2  2  1  1  1  1  1  1  1  1  1  1  1  1  1  1  1  1  1  1  1  1  1  1  0  0  0  0  0  0  0  0  0  0  0  0  0  0  0
i:10  5 -4  4  4  3 -7  6 -5  3 -8  8  2  7  6 -5  5  4 -3  3  2 -1  1  1  1  1  1  1  1  1  1  1  1  1  1  1  1  1  1  1  1  1  1  1  0  0  0  0  0  0  0  0  0  0  0  0  0  0
i: 9  6  5 -5  5 -4  4  3  5 -4  3  4 -3  3 -6  6  2 -4  4  3 -2  2  1  1  1  1  1  1  1  1  1  1  1  1  1  1  1  1  1  1  1  1  1  1  1  0  0  0  0  0  0  0  0  0  0  0  0  0
i: 8  7 -6  6  6  5  5  6 -5  5 -5  2  4 -4  4 -6  3  5  2 -3  3  2 -1  1  1  1  1  1  1  1  1  1  1  1  1  1  1  1  1  1  1  1  1  1  1  1  0  0  0  0  0  0  0  0  0  0  0  0
i: 7 -8  7  8 -7  7  7 -6  6  3  6 -6  6  5  5  7  4  3 -2  2  3 -2  2  1  1  1  1  1  1  1  1  1  1  1  1  1  1  1  1  1  1  1  1  1  1  1  1  0  0  0  0  0  0  0  0  0  0  0
i: 6  9 -8  8  8  8 -7  7  5  4 -7  7  7 -6  6  5 -4  4  3 -2  2  3  2 -1  1  1  1  1  1  1  1  1  1  1  1  1  1  1  1  1  1  1  1  1  1  1  1  1  0  0  0  0  0  0  0  0  0  0
i: 5 -9  5 -9  9 -8  8  7  5 -4  3  3 -7  7 -6  6  5 -4  4  3 -2  2 -2  2  1  1  1  1  1  1  1  1  1  1  1  1  1  1  1  1  1  1  1  1  1  1  1  1  1  0  0  0  0  0  0  0  0  0
i: 4 10  7 10 -9  9  8 -7  6  5  4 -3  2  5  7  6 -5  5 -4  4  3 -2  2  2 -1  1  1  1  1  1  1  1  1  1  1  1  1  1  1  1  1  1  1  1  1  1  1  1  1  1  0  0  0  0  0  0  0  0
i: 3-10  9-10 10 -9  8  8  6 -5  4  3 -7  7  7 -6  5 -5  5  3 -3  3 -2  2  2  1  1  1  1  1  1  1  1  1  1  1  1  1  1  1  1  1  1  1  1  1  1  1  1  1  1  0  0  0  0  0  0  0
i: 2 10 -9  9  7  5 -8  7 -6  5 -4  4  8  8 -7  7  6  6  5 -4  4  3  3 -2  2 -1  1  1  1  1  1  1  1  1  1  1  1  1  1  1  1  1  1  1  1  1  1  1  1  1  1  1  0  0  0  0  0  0
i: 1-10 10-10 10 -9  9 -8  7  6  5  4  3 -8  8  7 -6  6 -5  5 -4  4 -3  3 -2  2  1  1  1  1  1  1  1  1  1  1  1  1  1  1  1  1  1  1  1  1  1  1  1  1  1  1  1  0  0  0  0  0
      1  2  3  4  5  6  7  8  9 10 11 12 13 14 15 16 17 18 19 20 21 22 23 24 25 26 27 28 29 30 31 32 33 34 35 36 37 38 39 40 41 42 43 44 45 46 47 48 49 50 51 52 53 54 55 56 57

Ответ:
1) 11
2) 16 21
3) 1