#include<iostream>

using namespace std;

int main() {
	int pole[200][200], i, j;
	for (i = 0; i < 200; i++)
		for (j = 0; j < 200; j++)
			pole[i][j] = 0;
	for(i =67;i>=0;i--)
		for (j = 67-i; j >= 0; j--) {
			if (i + j + 2 >= 68 || i * 2 + j >= 68 || i + 2 * j >= 68)
				pole[i][j] = 1;
			else if (pole[i + 2][j] >0 && pole[i][j + 2] > 0 && pole[i * 2][j] > 0 && pole[i][j * 2] > 0)
				pole[i][j] = -max(max(pole[i + 2][j], pole[i][j + 2]), max(pole[i * 2][j], pole[i][j * 2]));
			else {
				pole[i][j] = -200;
				if (pole[i + 2][j]<0 && pole[i + 2][j]>pole[i][j]) pole[i][j] = pole[i + 2][j];
				if (pole[i][j + 2]<0 && pole[i][j + 2]>pole[i][j]) pole[i][j] = pole[i][j + 2];
				if (pole[i * 2][j]<0 && pole[i * 2][j]>pole[i][j]) pole[i][j] = pole[i * 2][j];
				if (pole[i][j * 2]<0 && pole[i][j * 2]>pole[i][j]) pole[i][j] = pole[i][j * 2];
				pole[i][j] = -pole[i][j]+1;
			}
		}
	printf("    ");
	for (i = 1; i <= 75; i++)
		printf("%3d", i);
	for (i = 75; i >= 1; i--) {
		printf("\ni:%2d", i);
		for (j = 1; j <= 75; j++)
			printf("%3d", pole[i][j]);
	}
	printf("\n    ");
	for (i = 1; i <= 75; i++)
		printf("%3d", i);
}

i:32  2 -1 -1  1  1  1  1  1  1  1  1  1  1  1  1  1  1  1  1  1  1  1  1  1  1  1  1  1  1  1  1  1  1  1  1  0  0  0  0  0  0  0  0  0  0  0  0  0  0  0  0  0  0  0  0  0  0  0  0  0  0  0  0  0  0  0  0  0  0  0  0  0  0  0  0
i:31  2  2  2 -1 -1  1  1  1  1  1  1  1  1  1  1  1  1  1  1  1  1  1  1  1  1  1  1  1  1  1  1  1  1  1  1  1  0  0  0  0  0  0  0  0  0  0  0  0  0  0  0  0  0  0  0  0  0  0  0  0  0  0  0  0  0  0  0  0  0  0  0  0  0  0  0
i:30 -2  2  2  2  2 -1 -1  1  1  1  1  1  1  1  1  1  1  1  1  1  1  1  1  1  1  1  1  1  1  1  1  1  1  1  1  1  1  0  0  0  0  0  0  0  0  0  0  0  0  0  0  0  0  0  0  0  0  0  0  0  0  0  0  0  0  0  0  0  0  0  0  0  0  0  0
i:29  3 -2 -2  2  2  2  2 -1 -1  1  1  1  1  1  1  1  1  1  1  1  1  1  1  1  1  1  1  1  1  1  1  1  1  1  1  1  1  1  0  0  0  0  0  0  0  0  0  0  0  0  0  0  0  0  0  0  0  0  0  0  0  0  0  0  0  0  0  0  0  0  0  0  0  0  0
i:28  3  3 -2 -2  2  2  2  2  2 -1 -1  1  1  1  1  1  1  1  1  1  1  1  1  1  1  1  1  1  1  1  1  1  1  1  1  1  1  1  1  0  0  0  0  0  0  0  0  0  0  0  0  0  0  0  0  0  0  0  0  0  0  0  0  0  0  0  0  0  0  0  0  0  0  0  0
i:27 -3  3  3 -2  3  2 -2  2  2  2  2 -1 -1  1  1  1  1  1  1  1  1  1  1  1  1  1  1  1  1  1  1  1  1  1  1  1  1  1  1  1  0  0  0  0  0  0  0  0  0  0  0  0  0  0  0  0  0  0  0  0  0  0  0  0  0  0  0  0  0  0  0  0  0  0  0
i:26  4 -3  3  3 -2  3  2 -2 -2  2  2  2  2 -1 -1  1  1  1  1  1  1  1  1  1  1  1  1  1  1  1  1  1  1  1  1  1  1  1  1  1  1  0  0  0  0  0  0  0  0  0  0  0  0  0  0  0  0  0  0  0  0  0  0  0  0  0  0  0  0  0  0  0  0  0  0
i:25  4 -3  3  3  3 -2  3  2  3 -2 -2  2  2  2  2 -1 -1  1  1  1  1  1  1  1  1  1  1  1  1  1  1  1  1  1  1  1  1  1  1  1  1  1  0  0  0  0  0  0  0  0  0  0  0  0  0  0  0  0  0  0  0  0  0  0  0  0  0  0  0  0  0  0  0  0  0
i:24  4  4 -3 -3  3  3 -2  3  2  3  3 -2 -2  2  2  2  2 -1 -1  1  1  1  1  1  1  1  1  1  1  1  1  1  1  1  1  1  1  1  1  1  1  1  1  0  0  0  0  0  0  0  0  0  0  0  0  0  0  0  0  0  0  0  0  0  0  0  0  0  0  0  0  0  0  0  0
i:23 -4  4  4  3 -3  3  3 -2 -3  2  3  3  3 -2 -2  2  2  2  2 -1 -1  1  1  1  1  1  1  1  1  1  1  1  1  1  1  1  1  1  1  1  1  1  1  1  0  0  0  0  0  0  0  0  0  0  0  0  0  0  0  0  0  0  0  0  0  0  0  0  0  0  0  0  0  0  0
i:22  5 -4  4  4  4 -3  3  3 -2 -3  2  3  3  3  3 -2 -2  2  2  2 -1 -1  1  1  1  1  1  1  1  1  1  1  1  1  1  1  1  1  1  1  1  1  1  1  1  0  0  0  0  0  0  0  0  0  0  0  0  0  0  0  0  0  0  0  0  0  0  0  0  0  0  0  0  0  0
i:21  5  5 -4 -4  4  4 -3  3  3  4  2 -3 -3  3  3  3  3 -2 -2  2  2 -1 -1  1  1  1  1  1  1  1  1  1  1  1  1  1  1  1  1  1  1  1  1  1  1  1  0  0  0  0  0  0  0  0  0  0  0  0  0  0  0  0  0  0  0  0  0  0  0  0  0  0  0  0  0
i:20 -5  5  5  4 -4  4  4 -3  3  3 -4  4  4 -3 -3  3  3  3 -2 -2  2  2 -1  1  1  1  1  1  1  1  1  1  1  1  1  1  1  1  1  1  1  1  1  1  1  1  1  0  0  0  0  0  0  0  0  0  0  0  0  0  0  0  0  0  0  0  0  0  0  0  0  0  0  0  0
i:19  6 -5  5  5 -4 -4  4  4  5  3 -4  2  4  4  4 -3 -3  3  3 -2 -2  2  2 -1  1  1  1  1  1  1  1  1  1  1  1  1  1  1  1  1  1  1  1  1  1  1  1  1  0  0  0  0  0  0  0  0  0  0  0  0  0  0  0  0  0  0  0  0  0  0  0  0  0  0  0
i:18  6 -5  5  5  4 -4 -4  4  4 -3  5  2 -4  4  4  4 -3 -3  3  3 -2  2  2 -1  1  1  1  1  1  1  1  1  1  1  1  1  1  1  1  1  1  1  1  1  1  1  1  1  1  0  0  0  0  0  0  0  0  0  0  0  0  0  0  0  0  0  0  0  0  0  0  0  0  0  0
i:17  6  6 -5 -6  5  5  5  6  4 -5  3  5  5 -4 -4  4  4 -3 -3  3  3 -2  2  2 -1  1  1  1  1  1  1  1  1  1  1  1  1  1  1  1  1  1  1  1  1  1  1  1  1  1  0  0  0  0  0  0  0  0  0  0  0  0  0  0  0  0  0  0  0  0  0  0  0  0  0
i:16 -6  2  2 -5 -5  5  5  5 -4  4  3 -5  5  5 -4 -4  4  4 -3  3  3 -2  2  2 -1  1  1  1  1  1  1  1  1  1  1  1  1  1  1  1  1  1  1  1  1  1  1  1  1  1  1  0  0  0  0  0  0  0  0  0  0  0  0  0  0  0  0  0  0  0  0  0  0  0  0
i:15  3 -7  6  7 -5  2  2  5  4  4 -3 -5  2  5  5 -4 -4  4  4 -3  3  3 -2  2  2 -1  1  1  1  1  1  1  1  1  1  1  1  1  1  1  1  1  1  1  1  1  1  1  1  1  1  1  0  0  0  0  0  0  0  0  0  0  0  0  0  0  0  0  0  0  0  0  0  0  0
i:14  4 -3  3  3  6  6  6 -5  5  2  2  6  2 -5  5  5 -4  4  4 -3  3  3 -2  2  2 -1  1  1  1  1  1  1  1  1  1  1  1  1  1  1  1  1  1  1  1  1  1  1  1  1  1  1  1  0  0  0  0  0  0  0  0  0  0  0  0  0  0  0  0  0  0  0  0  0  0
i:13 -4  4  4  4  3 -3 -3  3  3 -4  3  3 -2  2  2  5  5 -4  4  4 -3  3  3 -2  2  2 -1  1  1  1  1  1  1  1  1  1  1  1  1  1  1  1  1  1  1  1  1  1  1  1  1  1  1  1  0  0  0  0  0  0  0  0  0  0  0  0  0  0  0  0  0  0  0  0  0
i:12 -4  4  4  4  5 -6  3  5  4 -4 -3  3  3  6 -5 -5  5  2  2  4 -3  3  3 -2  2  2 -1  1  1  1  1  1  1  1  1  1  1  1  1  1  1  1  1  1  1  1  1  1  1  1  1  1  1  1  1  0  0  0  0  0  0  0  0  0  0  0  0  0  0  0  0  0  0  0  0
i:11  5  5  5  5 -4  4  4 -4  3  4 -3 -3  3  2 -3  3  3  5 -4 -4  2  2  3  3 -2  2  2 -1  1  1  1  1  1  1  1  1  1  1  1  1  1  1  1  1  1  1  1  1  1  1  1  1  1  1  1  1  0  0  0  0  0  0  0  0  0  0  0  0  0  0  0  0  0  0  0
i:10  5  6 -5 -5  5  5 -4  4  4  5  4 -4 -4  2  4  4 -5 -3  3  3  4 -3  2  3 -2  2  2 -1  1  1  1  1  1  1  1  1  1  1  1  1  1  1  1  1  1  1  1  1  1  1  1  1  1  1  1  1  1  0  0  0  0  0  0  0  0  0  0  0  0  0  0  0  0  0  0
i: 9  6  6 -5 -5  5  5  5  5 -4  4  3  4  3  5  4 -4  4  4  5  3  3 -2 -3  2  3 -2  2  2 -1  1  1  1  1  1  1  1  1  1  1  1  1  1  1  1  1  1  1  1  1  1  1  1  1  1  1  1  1  1  0  0  0  0  0  0  0  0  0  0  0  0  0  0  0  0  0
i: 8  7 -6  6  6  6  6  5 -5  5  4 -4  5  3 -5  5  5  6  4  4 -3  3  3 -2  3  2 -2  2  2 -1  1  1  1  1  1  1  1  1  1  1  1  1  1  1  1  1  1  1  1  1  1  1  1  1  1  1  1  1  1  1  0  0  0  0  0  0  0  0  0  0  0  0  0  0  0  0
i: 7 -6  4  6  6  5 -6 -6  5  5 -4  4  3 -3  6  2  5  5 -4  4  4 -3  3  3 -2  3  2 -2  2  2 -1  1  1  1  1  1  1  1  1  1  1  1  1  1  1  1  1  1  1  1  1  1  1  1  1  1  1  1  1  1  1  0  0  0  0  0  0  0  0  0  0  0  0  0  0  0
i: 6  5  7 -7 -7  7  7 -6  6  5  5  4 -6 -3  6  2  5  5 -4 -4  4  4 -3  3  3 -2  3  2  2  2 -1  1  1  1  1  1  1  1  1  1  1  1  1  1  1  1  1  1  1  1  1  1  1  1  1  1  1  1  1  1  1  1  0  0  0  0  0  0  0  0  0  0  0  0  0  0
i: 5  7 -6  6  6 -5  7  5  6  5  5 -4  5  3  6 -5 -5  5  4 -4 -4  4  4 -3  3  3 -2  3  2  2  2 -1  1  1  1  1  1  1  1  1  1  1  1  1  1  1  1  1  1  1  1  1  1  1  1  1  1  1  1  1  1  1  1  0  0  0  0  0  0  0  0  0  0  0  0  0
i: 4 -8  7  8  8  6 -7  6  6 -5 -5  5  4  4  3  7 -5 -6  5  5  4 -4  4  3 -3  3  3 -2 -2  2  2 -1  1  1  1  1  1  1  1  1  1  1  1  1  1  1  1  1  1  1  1  1  1  1  1  1  1  1  1  1  1  1  1  1  0  0  0  0  0  0  0  0  0  0  0  0
i: 3 -8  7  8  8  6 -7  6  6 -5 -5  5  4  4  3  6  2 -5  5  5  5 -4  4  4 -3  3  3  3 -2 -2  2  2 -1  1  1  1  1  1  1  1  1  1  1  1  1  1  1  1  1  1  1  1  1  1  1  1  1  1  1  1  1  1  1  1  1  0  0  0  0  0  0  0  0  0  0  0
i: 2  8 -7  7  7 -6  7  4 -6  6  6  5  4  4 -3 -7  2  6 -5 -5  5  5 -4  4  4 -3 -3  3  3 -2  2  2 -1  1  1  1  1  1  1  1  1  1  1  1  1  1  1  1  1  1  1  1  1  1  1  1  1  1  1  1  1  1  1  1  1  1  0  0  0  0  0  0  0  0  0  0
i: 1  9  8 -8 -8  7  5 -6  7  6  5  5 -4 -4  4  3 -6  6  6  6 -5  5  5 -4  4  4  4 -3  3  3 -2  2  2 -1  1  1  1  1  1  1  1  1  1  1  1  1  1  1  1  1  1  1  1  1  1  1  1  1  1  1  1  1  1  1  1  1  1  0  0  0  0  0  0  0  0  0
      1  2  3  4  5  6  7  8  9 10 11 12 13 14 15 16 17 18 19 20 21 22 23 24 25 26 27 28 29 30 31 32 33 34 35 36 37 38 39 40 41 42 43 44 45 46 47 48 49 50 51 52 53 54 55 56 57 58 59 60 61 62 63 64 65 66 67 68 69 70 71 72 73 74 75

ответ:
1) 16
2) 15
3) 24 27